0.0002,0.0000,-19273723899243321959586475346354310337625163048186363720061753993251897690819173482824024956152225108311913392845876144359282822711270586931062557061939200.0000,-19273723899243321959586475346354310337625163048186363720061753993251897690819173482824024956152225108311913392845876144359282822711270586931062557061939200.0000,0.0000,0.0000,0.0000,0.0000,0.0000,nan
0.0000,0.0002,0.0000,0.0000,0.0000,0.0000,0.0000,0.0000,0.0000,0.0000
0.0000,0.0000,0.0248,-19273723899243321959586475346354310337625163048186363720061753993251897690819173482824024956152225108311913392845876144359282822711270586931062557061939200.0000,0.0000,0.0000,0.0000,0.0000,0.0000,nan
0.0000,0.0000,0.0000,0.0000,0.0000,0.0000,0.0000,0.0000,0.0000,0.0000
0.0000,0.0000,-19273723899243321959586475346354310337625163048186363720061753993251897690819173482824024956152225108311913392845876144359282822711270586931062557061939200.0000,-19273723899243321959586475346354310337625163048186363720061753993251897690819173482824024956152225108311913392845876144359282822711270586931062557061939200.0000,0.0248,0.0000,0.0000,0.0000,0.0000,nan
0.0000,0.0000,0.0000,0.0000,0.0000,0.0000,0.0000,0.0000,0.0000,0.0000
0.0000,0.0000,-19273723899243321959586475346354310337625163048186363720061753993251897690819173482824024956152225108311913392845876144359282822711270586931062557061939200.0000,-19273723899243321959586475346354310337625163048186363720061753993251897690819173482824024956152225108311913392845876144359282822711270586931062557061939200.0000,0.0000,0.0000,0.0000,0.0000,0.0000,nan
0.0000,0.0000,0.0000,0.0000,1069026481496280684093346351910026957844732034233796402741265393535603150735755706581606699240050099589287115005899074538233502079140265789499437540096758645784576.0000,0.0000,0.0000,0.0000,0.0000,0.0000
0.0000,0.0000,0.0000,0.0000,0.0000,0.0000,0.0000,0.0000,0.0000,0.0000
0.0000,0.0000,0.0000,0.0000,0.0000,0.0000,0.0000,0.0000,0.0000,0.0000
