0.3689,0.0000,0.0000,0.0000,0.0000,0.0000,0.0000,0.0000,0.0000,0.0000
0.0000,0.8043,0.0000,0.0000,0.0000,-0.0000,0.0000,29948432461461895988525478478398315895280524037770996581671145246228116789679739062974814921408123143875306982412649074257441239659352802856683455070918152777489997533850038808012122291116816958245229889426033200239266390510738434252314437261535224870803045613568.0000,53525243970340078779861487417548877909878853021487709149691054674166509767399053429505590981021782115803438299814367265621145058294166751024034193560724892527949004868365047541703458569825436267708416.0000,0.0000
0.0000,0.0000,0.4370,0.0000,0.0000,5289646909436447496745424555408983297237596110267881359921197767201174565776379231281018407162078584414726338738895164011915893264999740520739515381299614897008354464327622687981568.0000,0.0000,0.0000,0.0000,3624593451358837555635675429863679248366905286692367452256403807985531175100930317343237593004367067271469343792142230270269513170380554751822789772411346406460898670926946105930170075231477902699574485042214659621663146579591168.0000
0.0000,0.0000,194301994591820233012201889366191471983606104314236154769119032492085416678951444615532290666509274120765365511292816987144966249118266945300277537775755112668872691805947651927887580104327081150347963373020244738176948339998720.0000,0.4929,7628701242958036103074949186735359566039183481541124452800126611912655311161170407778681516931794015462648203735396182200875245736226252652030099797658530582676259418202027878348681411942765777676491844207264401797503092778860544.0000,194901857494826212983718693178598178508577544816604710283735285431426356535861681594828700377466403153396729587507195960289611732251862268235717736484639852152536069079129506785856722426452160620814500413154020757263953187307520.0000,57460454886805107732358884680507014181074431487277091794642820177911017204354444912673297353112230488118785638445789810996305724769594086827525254432992784178880163348480.0000,0.0000,0.0000,0.0000
0.0000,0.0000,0.0000,0.0000,0.7741,0.0000,0.0000,3154246636029788798117121094323302686195313699714703712129285588743507002096381778079427292572777432646963484602895023961149451612430914100103874450197611095832697017848672930496512.0000,0.0000,8887823650701035491546243116076897617339532447043969422987205643277285812810678025507879471930988962707359706603030506913221833047593917718306612735229190667720873060739083285773308659294452598644336619978517570919136716085068607063730930797775870230528.0000
0.0000,0.0000,0.0000,0.0000,0.0000,0.0745,0.0000,0.0000,0.0000,0.0000
0.0000,0.0000,0.0000,0.0000,0.0000,0.0000,0.0942,0.0000,0.0000,0.0000
0.0000,0.0000,nan,0.0000,0.0000,0.0000,0.0000,0.7351,0.0000,0.0000
0.0000,0.0000,0.0000,19480504644944635154273755335644136254805893690333811219987435325426359586478844468378314576016846585605741605699131547983150859597813216523784601594286909610794564325828442220964498497831974402327264832413154123750534497365223587296479850100897733527374242333014804603361544370311397376.0000,4634618629800138423826201146625155819298216044212661140172296747449751112289388673016376022707268503507094744162918910349279001777630750365348979723322209942180086683763068154268350856934522156924430651920566922316054964694155264.0000,5562061541373680895477584397717302989585160925280634428315559730411921599830907481299565334037671317747502847707016238304079573416049092588140572829389516356018872557818358307749888.0000,17104476685525303507765318158010334599005019927990206539810867209466808193650683784352391734208631765090659418135105286467493780659255490084844298480281060353137824470831662962494510474328562829248537688642517204992.0000,5037345733884611456848826167130525473539376549333896764843343971844292832066539415403393938682874316098837369150793119273763729114840697056148610207932558448976739608729634427895808.0000,0.4271,38883773382244004786624814579126789189729899207665724844120595521048263471264022878821870596491894684636993608338836732100459956722085211472030501397482979721216.0000
0.0000,0.0000,0.0000,19480504644944635154273755335644136254805893690333811219987435325426359586478844468378314576016846585605741605699131547983150859597813216523784601594286909610794564325828442220964498497831974402327264832413154123750534497365223587296479850100897733527374242333014804603361544370311397376.0000,4634618629800138423826201146625155819298216044212661140172296747449751112289388673016376022707268503507094744162918910349279001777630750365348979723322209942180086683763068154268350856934522156924430651920566922316054964694155264.0000,5562061541373680895477584397717302989585160925280634428315559730411921599830907481299565334037671317747502847707016238304079573416049092588140572829389516356018872557818358307749888.0000,17104476685525303507765318158010334599005019927990206539810867209466808193650683784352391734208631765090659418135105286467493780659255490084844298480281060353137824470831662962494510474328562829248537688642517204992.0000,5037345733884611456848826167130525473539376549333896764843343971844292832066539415403393938682874316098837369150793119273763729114840697056148610207932558448976739608729634427895808.0000,11746884518220531289112179828433394526188263477203066044228299362421141590152055787956251920587079662731490149998135540660073222527507371555926126736526931757040303706990055288585126601141666719741376743344261038080.0000,0.3662
